24
3
400 400 400 
40 40 40 
3
400 400 400 
40 40 40 
3
400 400 400 
40 40 40 
3
400 400 400 
40 40 40 
3
400 400 400 
40 40 40 
3
400 400 400 
40 40 40 
3
400 400 400 
40 40 40 
3
400 400 400 
40 40 40 
3
400 400 400 
40 40 40 
3
400 400 400 
40 40 40 
3
400 400 400 
40 40 40 
3
400 400 400 
40 40 40 
3
400 400 400 
40 40 40 
3
400 400 400 
40 40 40 
3
400 400 400 
40 40 40 
3
400 400 400 
40 40 40 
3
400 400 400 
40 40 40 
3
400 400 400 
40 40 40 
3
400 400 400 
40 40 40 
3
400 400 400 
40 40 40 
3
400 400 400 
40 40 40 
3
400 400 400 
150 40 11 
3
400 400 400 
40 40 40 
3
400 400 400 
40 40 40 
